%sorvektor
v1 = [1 2 3 4 5]
v2 = 1:5
v3 = 5:-1:0
v4 = linspace(0,100, 5)
%oszlopvektor
v5 = [1;2;3;4;5]
v6 = [1 2 3 4 5]'
v6(1)
